000134AA 09 48 02 30
0001B3BD 10 25 09 51
0001BCBC 14 16 15 19
00023D6F 06 26 01 51
00023D77 23 19 52 53
0002F44C 14 19 53 44
0002F44C 14 19 53 44
00034CDD 15 10 33 48
00034CDF 22 39 18 12
00034D22 02 32 12 13
00034D31 07 37 05 10
00034D32 09 38 47 17
0003AD56 01 32 16 54
0003AD5B 04 17 16 21
0003AD5D 14 20 02 26
0003AD5D 14 20 02 26
0003AD5E 05 10 07 12
0003AD5F 08 09 07 33
0003AD60 49 23 14 31
0003AD61 07 41 24 31
0003AD63 07 44 31 14
0003AD64 15 35 45 17
0003AD66 16 33 20 49
0003AD6A 05 30 54 08
0003AD6A 05 30 54 08
0003AD6F 17 46 14 29
0003AD6F 17 46 14 29
0003AD70 09 50 30 41
0003AD71 22 36 12 07
0003AD72 02 43 20 14
0003AD73 16 19 44 51
0003AD76 54 07 13 55
0003F7F8 23 31 41 28
00045C28 23 32 47 33
0004B0BA 04 35 17 03
0004DA00 10 43 20 11
0004DA00 10 43 20 11
0004DA20 08 41 01 23
0004DA22 05 30 07 31
0004DA23 14 50 24 04
0004DA24 16 26 21 13
0004DA25 15 20 04 34
0004DA73 06 03 22 32
0005076E 08 37 13 17
0005076E 08 37 13 17
000516C8 14 48 18 01
00052695 06 55 02 04
00052695 06 55 02 04
00057F91 16 35 19 42
00059B86 14 15 54 23
00063B5F 19 25 34 27
0006ABCB 15 42 37 24
0006AC4A 22 31 12 46
0006B689 23 03 25 28
0006BC00 06 55 02 10
0006BC02 06 35 42 19
0006BC04 06 30 34 01
0006BC07 06 46 16 04
0006BC0A 06 32 18 17
0006BC0B 01 39 53 14
0006BC0E 06 44 45 23
0006BC10 06 38 08 21
0006BC10 06 38 08 21
0006F950 22 36 11 45
000705B7 15 10 33 48
000727DE 15 33 19 25
000727DF 16 29 13 54
000727E0 04 28 53 16
000727E0 04 28 53 16
00074A19 22 39 18 12
00077E1C 04 33 35 19
00077E1D 07 47 31 14
00077E1E 06 38 03 09
0007E8B7 51 03 24 04
0007E8C1 49 46 01 07
0007E8C5 02 40 50 32
0007E8C8 04 42 15 22
0007E8C8 04 42 15 22
0007EDF5 16 52 13 40
0007EE01 51 44 34 35
0007EE01 51 44 34 35
00083E64 02 47 27 07
000854FE 06 41 07 51
00085500 06 42 39 09
000889A2 10 28 36 43
0009151B 15 19 26 37
000A9191 02 29 38 44
000A9195 06 48 11 49
000B08C5 06 41 29 48
000B18CD 14 16 19 20
000B2183 07 17 45 22
000B701A 14 15 54 23
000B701A 14 15 54 23
000BB956 06 47 40 50
000BB956 06 47 40 50
000D8E3F 08 09 07 12
000E4F0C 51 40 04 21
000E7EBC 06 09 45 51
000E7ED0 55 29 42 38
000EC870 07 50 11 36
000EC870 07 50 11 36
000F11C0 22 36 12 07
001016B3 14 24 07 38
00106E18 06 31 17 52
00106E19 15 39 21 46
00106E19 15 39 21 46
00106E1A 14 27 18 45
00106E1B 05 38 01 39
00106E1C 06 17 46 09
02002A78 02 39 35 17
020059BA 15 33 19 25
0200B087 23 21 13 24
0200B087 23 21 13 24
020183B7 15 33 19 25
020185FB 14 18 45 21
03003545 06 52 31 12
0300F1CC 23 19 52 53
04016E26 10 49 26 38
04017008 49 45 16 18
04017008 49 45 16 18
04017E97 46 48 47 50
0401CD6D 48 10 25 47
0401CD6E 08 27 19 18
0401CD6E 08 27 19 18
0401CD71 04 29 51 05
0401CD72 24 45 06 21
0401CD72 24 45 06 21
0401CD72 32 35 41 20
0401CD74 15 54 10 44
0401FF75 14 31 13 43
0403CD8E 04 29 55 23
